%YAML:1.0
# camera1: RGB left, camera2: NIR right
# R,T transform points from RGB-left coordinates to NIR-right coordinates.
# Translation values are meters.
K1: !!opencv-matrix
   rows: 3
   cols: 3
   dt: d
   data: [ 764.51387058130535, 0, 579.54701232910156, 0, 764.51387058130535, 153.00541305541992, 0, 0, 1 ]
D1: !!opencv-matrix
   rows: 1
   cols: 5
   dt: d
   data: [ 0, 0, 0, 0, 0 ]
K2: !!opencv-matrix
   rows: 3
   cols: 3
   dt: d
   data: [ 638.90606689453125, 0, 632.70062255859375, 0, 638.90606689453125, 163.07611083984375, 0, 0, 1 ]
D2: !!opencv-matrix
   rows: 1
   cols: 5
   dt: d
   data: [ 0, 0, 0, 0, 0 ]
R: !!opencv-matrix
   rows: 3
   cols: 3
   dt: d
   data: [ 0.99996299687138324, 0.0047328375143239673, -0.0071836715588172641, -0.0047965187987544337, 0.99994912557615934, -0.0088735374506173879, 0.0071413090827345971, 0.0089076657176457713, 0.99993482547416435 ]
T: !!opencv-matrix
   rows: 3
   cols: 1
   dt: d
   data: [ -0.1039948535909563, -0.0011079757310627936, -0.022913089880089013 ]
R_nir2rgb: !!opencv-matrix
   rows: 3
   cols: 3
   dt: d
   data: [ 0.99996299687138324, -0.0047965187987544337, 0.0071413090827345971, 0.0047328375143239673, 0.99994912557615934, 0.0089076657176457713, -0.0071836715588172641, -0.0088735374506173879, 0.99993482547416435 ]
T_nir2rgb_m: !!opencv-matrix
   rows: 3
   cols: 1
   dt: d
   data: [ 0.053898418304060509, 0.0015663740972845842, 0.02251569932908944 ]
T_nirR_m: !!opencv-matrix
   rows: 3
   cols: 1
   dt: d
   data: [ -0.050252761691808701, 0, 0 ]
baseline_m: 0.10649491476816204
